nentries,sc_mcycle,sc_minstret,base_mcycle,base_minstret
128,68474,55296,67342,54272
256,142435,110611,140442,108563
512,291713,221222,289224,217126
1024,590890,442520,588896,434328
2048,1182546,885548,1171572,869164
4096,2412155,1772250,2347039,1739482
8192,4831935,3548623,4710106,3483087
16384,9722255,7116023,9497446,6984951
32768,20123538,14311779,19773421,14049635
65536,42313075,28936347,41985730,28412059
131072,88617582,59129613,90208174,58082417
262144,196525268,123259767,207746576,121162607
524288,468545021,266553124,526547626,262358839
