SecureCells
------------------------------
       128,  0,     72952,     55296
       128,  1,     71294,     55296
       256,  0,    146903,    110611
       256,  1,    143950,    110611
       512,  0,    305706,    221222
       512,  1,    301553,    221222
      1024,  0,    612029,    442520
      1024,  1,    606991,    442520
      2048,  0,   1186493,    885548
      2048,  1,   1180982,    885548
      4096,  0,   2440000,   1772250
      4096,  1,   2434047,   1772250
      8192,  0,   4886299,   3548623
      8192,  1,   4880337,   3548623
     16384,  0,   9829296,   7116023
     16384,  1,   9822103,   7116023
     32768,  0,  19853348,  14311779
     32768,  1,  19847245,  14311779
     65536,  0,  40482266,  28936347
     65536,  1,  40476317,  28936347
128k - running on hex01
    262144,  0, 182035583, 123258379
    262144,  1, 181685110, 123259767
    524288,  0, 427771809, 266552843
    524288,  1, 428294815, 266552843

Baseline
------------------------------
       128,  0,     70189,     54272
       128,  1,     68784,     54272
       256,  0,    144300,    108563
       256,  1,    141067,    108563
       512,  0,    294438,    217126
       512,  1,    289526,    217126
      1024,  0,    590291,    434328
      1024,  1,    583909,    434328
      2048,  0,   1161137,    869164
      2048,  1,   1156133,    869164
      4096,  0,   2368648,   1739482
      4096,  1,   2362539,   1739482
      8192,  0,   4748714,   3483087
      8192,  1,   4739826,   3483087
     16384,  0,   9564629,   6984951
     16384,  1,   9558067,   6984951
     32768,  0,  19416810,  14049635
     32768,  1,  19417999,  14049635
     65536,  0,  39991452,  28412059
     65536,  1,  39979131,  28412059
    131072,  0,  84436043,  58081037
    131072,  1,  84336264,  58081037
    262144,  0, 190423666, 121161227 
    262144,  1, 190084644, 121162607
    524288,  0, 478846798, 262358531
    524288,  1, 479439411, 262359911


